;; Electronics Club Monitor for the PDP-11 (EMON)

;; Monitor Main
; Entry point = 001200
001200 012702
001202 000076 ; Prompt character
001204 004737
001206 002000
001210 012703
001212 001600 ; Command buffer
001214 012713
001216 000020
001220 004737
001222 002330
001224 012705
001226 005000 ; Command list
001230 012502 ; Length of list

001232 012546 ; Search command list
001234 012504
001236 004737
001240 002520
001242 032701
001244 000001
001246 001010
001250 012604
001252 077211

001254 012703
001256 001500  ; Bad command
001260 004737
001262 002240
001264 000137
001266 001200

001270 012600  ; Valid command
001272 004710
001274 000137
001276 001200

001500 000014 ; "?BAD CMD"
001502 006412
001504 041077
001506 042101
001510 041440
001512 042115
001514 006412

; Command Tables
004000 000004 ; "DUMP"
004002 052504
004004 050115
004006 000004 ; "LIST"
004010 044514
004012 052123
004014 000004 ; "DEPO"
004016 042504
004020 047520
004022 000004 ; "STRG"
004024 052123
004026 043522
004030 000004 ; "VECT"
004032 042526
004034 052103

005000 000005
005002 001000
005004 004000
005006 001400
005010 004006
005012 004100
005014 004014
005016 001100
005020 004022
005022 001150
005024 004030

;; Commands

; DUMP
001000 012703
001002 001050
001004 004737
001006 002740
001010 010104
001012 012703
001014 001062
001016 004737
001020 002740
001022 010403
001024 010104
001026 004737
001030 002130
001032 004737
001034 002160
001036 005203
001040 005203
001042 020304
001044 003772
001046 000207

001050 000007 ; "Start? "
001052 072123
001054 071141
001056 037564
001060 000040

001062 000005 ; "End? "
001064 067105
001066 037544
001070 000040

; STRG
001100 012703
001102 001134
001104 004737
001106 002740
001110 004737
001112 002130
001114 010103
001116 012713
001120 000100
001122 004737
001124 002330
001126 004737
001130 002130
001132 000207

001134 000011 ; "Address? "
001136 062101
001140 071144
001142 071545
001144 037563
001146 000040

; VECT
001150 012703
001152 001166
001154 004737
001156 002740
001160 004737
001162 002130
001164 000111

001166 000004 ; "Go? "
001170 067507
001172 020077

; LIST
001400 004737
001402 002130
001404 012705
001406 005000
001410 012502
001412 012503
001414 012503
001416 004737
001420 002240
001422 004737
001424 002130
001426 077207
001430 000207

; DEPO (Break out of enterring data by typing '.' on
; a line and pressing enter)
004100 012703
004102 004230 ; *"Start? "
004104 004737
004106 002740
004110 010105
004112 012703
004114 004242 ; *Input buffer
004116 004737
004120 002130

004122 010504 ; Print current address
004124 004737
004126 002020
004130 012702
004132 000040
004134 004737
004136 002000
004140 011504 ; Print old contents
004142 004737
004144 002020
004146 004737
004150 002000

004152 012713
004154 000010
004156 004737 ; Read user input
004160 002330

004162 011302
004164 001415 ; Bail if zero-length string
004166 010304
004170 005204
004172 005204

004174 122427 ; See if user wants to quit
004176 000056
004200 001407 ; Quit
004202 077204

004204 004737
004206 002620
004210 010125 ; Write word
004212 004737
004214 002130
004216 000741 ; * Bottom of loop

004220 004737
004222 002130
004224 000207

004230 000007 ; "Start? "
004232 072123
004234 071141
004236 037564
004240 000040

;004242 xxxxxx ; Input Buffer
;004244 xxxxxx
;004246 xxxxxx
;004250 xxxxxx
;004252 xxxxxx
